Predictions: [211888.26540421 321274.25149998 210853.46010112  62261.10820843
 194921.76527689]

Labels: [286600.0, 340600.0, 196900.0, 46300.0, 254500.0]
