precision: 0.7724125364431487
recall: 0.7819590481460985
